Korisnik: anana
RelativnoVreme_ms,IR_Signal
0,254844
0,254810
0,254819
1,254869
1,254884
1,254881
1,254746
309,254351
309,254045
309,254034
309,254117
310,254309
310,254395
310,254458
310,254515
310,254448
310,254527
310,254597
310,254616
479,254557
479,254592
479,254564
480,254601
480,254641
480,254672
480,254732
480,254745
480,254813
617,254798
617,254841
617,254882
617,254836
623,254917
623,254923
623,255009
623,254948
629,254811
716,254421
921,254266
921,254199
921,254257
921,254383
921,254412
921,254471
1126,254445
1126,254488
1126,254459
1126,254508
1126,254484
1126,254486
1126,254435
1126,254457
1127,254406
1331,254462
1331,254532
1331,254528
1331,254610
1331,254569
1331,254580
1331,254589
1332,254594
1453,254636
1454,254646
1454,254591
1454,254427
1454,254022
1454,253921
1454,253911
1454,254018
1460,254169
1471,254235
1640,254255
1648,254192
1648,254199
1649,254271
1649,254263
1649,254277
1649,254228
1945,254229
1945,254219
1945,254202
1945,254287
1945,254339
1946,254364
1946,254359
1946,254381
2149,254381
2149,254404
2150,254414
2150,254384
2150,254482
2150,254334
2150,254162
2150,253689
2163,253590
2163,253622
2163,253755
2163,253903
2457,253953
2458,253932
2458,253936
2458,253934
2458,254014
2458,254030
2458,254055
2458,254001
2459,253944
2665,253965
2665,254047
2665,254090
2665,254097
2665,254145
2665,254243
2665,254271
2665,254213
2867,254282
2868,254283
2868,254381
2868,254337
2868,254363
2868,254305
2868,253965
2868,253661
3071,253511
3072,253598
3072,253650
3072,253811
3072,253921
3072,253920
3073,253959
3073,253916
3277,253985
3277,254044
3277,254049
3277,254025
3278,253943
3278,253954
3278,254028
3278,254059
3278,254107
3585,254149
3585,254200
3585,254211
3586,254250
3586,254245
3586,254261
3586,254302
3586,254288
3587,254353
3587,254352
3587,254369
3587,254276
3593,253944
3593,253529
3593,253520
3594,253670
3594,253758
3685,253891
3695,253925
3696,253914
3696,253936
3789,253982
3790,254000
3790,254011
3790,253976
3890,253958
3898,253965
3899,253986
3899,254027
3993,254110
4001,254162
4001,254154
4002,254203
4015,254261
4095,254280
4403,254274
4403,254290
4403,254280
4403,254300
4404,254293
4404,254347
4602,254297
4602,254109
4603,253648
4603,253525
4603,253558
4603,253656
4603,253817
4603,253891
4603,253916
4603,253981
4603,254010
4603,254027
4604,254015
4609,254052
4609,253965
4609,253976
4609,253968
4711,254011
4722,254045
4723,254063
4725,254135
4729,254172
4814,254201
4823,254198
4825,254200
4827,254228
4916,254253
4925,254296
4926,254272
4928,254298
5018,254361
5027,254272
5028,254037
5029,253715
5121,253455
5128,253508
5129,253656
5130,253778
5223,253921
5428,253943
5429,253924
5430,253919
5431,253994
5432,253980
5432,254013
5433,253945
5633,253938
5635,253984
5636,253995
5637,254063
5638,254084
5640,254128
5641,254226
5642,254250
5643,254221
5644,254254
5645,254290
5645,254304
5646,254295
5736,254321
5745,254337
5747,254342
5748,254137
5838,253852
5846,253521
5847,253510
5849,253628
5942,253808
5944,253910
5945,254003
5946,254023
6043,254002
6054,254040
6055,254091
6056,254034
6057,254049
6249,254012
6257,253989
6258,254010
6259,254051
6260,254125
6261,254162
6263,254197
6264,254224
6351,254269
6358,254277
6359,254319
6360,254335
6451,254352
6660,254333
6661,254363
6662,254409
6664,254293
6665,254032
6666,253566
6667,253475
6668,253564
6669,253701
6670,253893
6671,253960
6672,253983
6761,253997
7066,253993
7067,254005
7068,254027
7070,253988
7071,253932
7072,253952
7073,253977
7074,254020
7075,254051
7076,254155
7076,254127
7077,254156
7078,254231
7079,254228
7080,254219
7093,254263
7142,254270
7146,254276
7272,254286
7282,254311
7283,254318
7284,254194
7285,253775
7384,253480
7385,253427
7386,253465
7387,253668
7389,253778
7476,253947
7587,253948
7588,253974
7589,253989
7590,253974
7592,254042
7593,253982
7594,253942
7681,253926
7691,253935
7692,253964
7693,254027
7786,254088
7787,254155
7789,254184
7792,254204
7885,254215
7896,254247
7897,254309
7899,254297
7988,254317
7998,254330
8000,254307
8001,254351
8006,254156
8091,253824
8308,253444
8310,253359
8311,253539
8312,253681
8313,253840
8315,253914
8316,253943
8317,253950
8318,254000
8319,253989
8321,253990
8326,253959
8398,253900
8408,253930
8705,253965
8706,254047
8706,254093
8707,254103
8708,254136
8709,254164
8709,254202
8710,254186
8711,254199
8816,254225
8817,254208
8819,254242
8820,254280
8821,254260
8822,254137
8824,253857
8825,253478
8826,253375
8910,253509
9116,253677
9118,253821
9119,253857
9120,253922
9121,253933
9122,253954
9124,253981
9125,253954
9126,253936
9127,253869
9128,253864
9217,253894
9227,253955
9228,253995
9230,254053
9239,254079
9329,254106
9331,254146
9332,254207
9338,254169
9434,254247
9435,254257
9436,254273
9438,254278
9534,254287
9535,254020
9536,253708
9539,253304
9628,253308
9636,253450
9654,253591
9655,253765
9739,253813
9741,253802
9742,253822
9743,253876
9839,253886
9841,253882
9842,253812
9844,253780
9875,253806
9883,253804
9934,253862
10241,253973
10242,253965
10244,254009
10245,254038
10246,254077
10247,254066
10248,254084
10249,254107
10251,254117
10446,254142
10447,254149
10448,254133
10449,253926
10451,253648
10452,253271
10453,253249
10454,253367
10651,253504
10652,253697
10653,253702
10655,253723
10656,253757
10657,253798
10658,253791
10660,253762
10661,253723
10662,253656
10663,253662
10664,253648
10665,253716
10671,253766
10753,253813
10958,253859
10959,253915
10961,253924
10962,253931
10963,253918
10964,253996
10984,254018
10985,254074
10987,254120
10988,253986
10998,253642
10999,253273
11045,253077
11046,253124
11072,253348
11368,253427
11369,253527
11370,253547
11371,253559
11372,253560
11374,253619
11375,253619
11376,253535
11393,253507
11394,253404
11396,253450
11397,253522
11480,253626
11482,253647
11483,253718
11484,253745
11485,253732
11677,253781
11881,253797
11882,253866
11883,253943
11885,254041
11886,253994
11887,253696
11888,253371
11890,253249
11891,253306
11892,253485
11893,253604
11894,253608
11895,253715
11896,253740
11896,253824
11903,253850
11982,253890
12289,253903
12290,253871
12291,253812
12292,253844
12294,253854
12295,253913
12296,253977
12297,253984
12298,254053
12299,254047
12513,254118
12515,254165
12516,254209
12517,254198
12518,254134
12519,253958
12520,253463
12522,253304
12523,253351
12524,253428
12525,253484
12525,253677
12526,253765
12611,253776
12801,253839
12803,253837
12804,253822
12805,253795
12806,253721
12807,253719
12809,253737
12826,253729
12827,253881
12828,253957
12829,253952
12834,254029
12845,253994
12915,254056
12935,254049
12937,254054
12944,253979
13006,253730
13031,253217
13040,253079
13046,253171
13109,253267
13110,253339
13112,253523
13313,253566
13621,253578
13622,253647
13624,253668
13625,253727
13626,253731
13627,253597
13629,253632
13630,253595
13631,253654
13632,253755
13633,253822
13634,253844
13635,253885
13636,253916
13637,253934
13826,253984
13827,253999
13828,254004
13829,253950
13830,253551
13832,253155
13833,253074
13834,253162
13835,253177
13836,253459
13837,253530
13838,253596
13839,253537
13847,253564
13929,253637
13930,253674
13931,253627
14030,253594
14235,253564
14236,253560
14237,253643
14239,253691
14240,253788
14241,253812
14242,253903
14244,253873
14245,253974
14246,253987
14247,253945
14250,253989
14338,254030
14644,254001
14645,254017
14647,253847
14648,253714
14649,253150
14650,252976
14651,253059
14653,253340
14654,253422
14655,253557
14656,253571
14749,253563
14750,253565
14752,253663
14753,253638
14754,253621
14755,253589
14756,253560
14758,253611
14849,253680
14858,253739
14860,253805
14861,253845
14870,253863
14895,253882
14952,253885
14961,253899
14970,253912
15054,253943
15062,253938
15063,253997
15066,253966
15079,254025
15155,254007
15165,254055
15168,253770
15180,253399
15268,253074
15269,253021
15270,253218
15280,253346
15362,253514
15668,253534
15670,253530
15671,253527
15672,253577
15674,253573
15675,253509
15676,253508
15676,253432
15677,253467
15678,253563
15679,253592
15679,253702
15680,253718
15681,253722
15682,253778
15730,253785
15736,253783
15751,253823
15772,253819
15874,253832
16081,253863
16082,253898
16083,253892
16084,253918
16085,253893
16086,253488
16087,253196
16490,253030
16491,253019
16493,253236
16494,253407
16495,253508
16496,253563
16497,253545
16498,253532
16500,253558
16501,253557
16502,253503
16503,253449
16737,253447
16738,253417
16739,253484
16742,253564
16743,253672
16744,253686
16745,253732
16746,253820
16748,253849
16749,253849
16749,253822
16750,253855
16751,253849
16752,253888
16752,253852
16753,253927
16754,253928
16755,253936
16755,253828
16779,253566
16794,253047
16900,252942
16906,253068
16907,253185
16908,253339
16931,253470
16939,253447
16954,253447
17009,253460
17011,253470
17063,253569
17068,253500
17084,253484
17129,253426
17134,253434
17409,253466
17411,253554
17412,253610
17413,253679
17415,253727
17416,253738
17418,253736
17614,253794
17616,253770
17617,253795
17618,253839
17619,253801
17620,253898
17621,253910
17623,253913
17730,253867
17731,253753
17732,253620
17734,253138
17735,252945
17736,252998
17737,253155
17739,253327
17740,253419
17747,253438
17818,253420
17828,253454
17831,253485
17846,253516
17921,253446
18034,253418
18035,253368
18036,253444
18037,253459
18039,253523
18040,253615
18046,253631
18127,253683
18151,253719
18153,253692
18160,253712
18238,253733
18240,253729
18241,253756
18243,253792
18331,253846
18339,253837
18340,253858
18343,253670
18433,253175
18443,252992
18445,252941
18446,253056
18529,253235
18638,253402
18640,253471
18646,253447
18647,253484
18648,253518
18650,253519
18651,253525
18740,253440
18750,253376
18752,253426
18753,253442
18843,253574
18853,253625
18854,253672
18855,253687
18860,253694
18946,253757
18971,253734
18972,253745
18980,253813
18981,253806
19049,253830
19057,253860
19061,253911
19150,253897
19159,253761
19160,253454
19162,252947
19186,252815
19369,252970
19370,253161
19371,253338
19373,253422
19374,253478
19375,253456
19376,253432
19379,253477
19457,253514
19465,253455
19466,253437
19480,253418
19499,253455
19560,253460
19969,253579
19970,253636
19971,253686
19973,253734
19974,253817
19975,253835
19976,253845
19977,253838
19979,253909
19980,253874
19981,253927
19982,253965
19983,254029
19984,253953
19985,253650
19985,253278
19986,253012
19988,253008
20073,253199
20082,253339
20084,253492
20085,253492
20174,253519
20279,253518
20280,253536
20282,253611
20481,253580
20483,253517
20484,253502
20485,253454
20486,253490
20488,253547
20489,253643
20490,253678
20492,253724
20493,253721
20494,253792
20495,253763
20496,253790
20585,253795
20594,253822
20595,253814
20596,253845
20687,253859
20696,253690
20697,253407
20699,253013
20787,252907
21008,253039
21009,253127
21011,253206
21012,253390
21013,253437
21015,253437
21016,253467
21017,253494
21018,253486
21018,253472
21019,253383
21020,253365
22622,253405
22624,253483
22625,253590
22626,253624
22628,253673
22629,253705
22630,253735
22632,253694
22633,253719
22634,253753
22635,253756
22636,253774
22637,253811
22638,253816
22638,253562
22639,253222
22640,253048
22641,252829
22641,252920
22642,253054
22643,253249
22644,253293
22644,253355
22645,253321
22646,253382
22647,253430
22647,253402
22648,253381
22649,253326
22650,253283
22650,253338
22651,253402
22652,253467
22652,253492
22653,253593
22654,253609
22655,253648
22655,253639
22656,253715
22657,253691
22658,253702
22658,253707
22659,253728
22660,253762
22661,253795
22661,253811
22662,253600
22663,253241
22664,252817
22665,252795
22665,252921
22666,253084
22667,253248
22668,253262
22668,253235
22669,253273
22670,253313
22671,253330
22671,253319
22672,253345
22673,253249
22674,253286
22674,253310
22675,253394
22676,253446
22677,253480
22677,253516
22840,253544
22841,253580
22866,253567
22867,253607
22868,253613
22870,253613
22871,253671
22977,253689
23132,253690
23134,253709
23135,253740
23136,253787
23138,253759
23139,253368
23140,252958
23142,252722
23143,252818
23144,252962
23145,253111
23156,253235
23176,253217
23431,253192
23432,253232
23433,253240
23435,253266
23436,253262
23437,253189
23439,253193
23452,253190
23454,253227
23455,253293
23456,253357
23468,253443
23573,253497
23577,253490
23578,253466
23580,253525
23598,253542
23782,253528
23863,253558
23864,253536
23865,253577
23866,253633
23868,253645
23869,253660
23870,253542
23871,253309
23873,252868
23874,252707
23899,252780
23919,252924
24049,253146
24052,253222
24053,253227
24055,253261
24056,253238
24058,253315
24088,253321
24109,253268
24140,253192
24160,253165
24190,253148
24230,253235
24240,253348
24260,253403
24291,253446
24310,253482
24341,253515
24361,253546
24391,253585
24410,253556
24441,253607
24460,253565
24491,253605
24510,253620
24576,253667
24586,253690
24590,253717
24679,253702
24801,253651
24803,253279
24804,252758
24805,252673
24806,252817
24808,252965
24809,253168
25089,253194
25091,253268
25092,253248
25093,253284
25094,253320
25095,253267
25097,253286
25098,253206
25099,253166
25100,253216
25101,253287
25102,253357
25193,253410
25194,253426
25195,253470
25196,253521
25202,253535
25294,253576
25304,253610
25305,253561
25306,253637
25322,253597
25399,253616
25509,253680
25510,253662
25511,253740
25512,253717
25514,253589
25515,253311
25523,252852
25543,252718
25601,252787
25606,252918
25704,253086
25712,253203
25714,253212
25715,253230
25723,253281
25806,253248
25911,253263
25912,253228
25914,253223
25915,253133
25916,253195
25918,253251
25919,253274
26012,253380
26013,253421
26015,253440
26020,253477
26123,253493
26124,253482
26125,253495
26127,253533
26216,253576
26225,253573
26227,253644
26228,253669
26234,253663
26522,253737
26524,253708
26525,253346
26526,253009
26528,252863
26529,252885
26530,253046
26727,253187
26729,253313
26730,253333
26731,253354
26732,253353
26733,253375
26735,253386
26736,253405
26737,253337
27035,253312
27037,253291
27038,253341
27039,253346
27040,253467
27042,253475
27043,253529
27044,253622
27239,253593
27240,253620
27242,253642
27243,253638
27244,253623
27245,253636
27246,253649
27248,253666
27249,253709
27250,253686
27251,253719
27252,253609
27253,253104
27254,252807
27255,252755
27256,252779
27269,252957
27323,253075
27324,253164
27326,253173
27351,253175
27443,253190
27453,253252
27454,253241
27455,253280
27467,253214
27500,253179
27649,253165
27658,253221
27659,253277
27660,253322
27660,253410
27661,253416
27666,253473
27754,253495
27864,253518
27866,253552
27869,253557
27870,253575
27871,253555
27872,253552
27874,253577
27957,253602
27966,253608
27967,253650
27968,253651
28058,253331
28068,253021
28069,252742
28070,252750
28161,252874
28186,252970
28188,253200
28189,253212
28198,253232
28208,253250
28289,253256
28290,253280
28301,253216
28513,253198
28514,253146
28516,253123
28517,253216
28518,253247
28519,253297
28520,253339
28571,253386
28573,253412
28682,253430
28683,253395
28684,253418
28684,253504
28685,253463
28686,253520
28687,253561
28778,253553
29083,253547
29085,253348
29086,252899
29087,252692
29088,252698
29090,252785
29188,252969
29189,253083
29190,253175
29192,253165
29193,253205
29194,253245
29195,253267
29196,253218
29197,253129
29198,253150
29200,253098
29201,253193
29202,253216
29417,253273
29418,253343
29419,253380
29421,253461
29422,253414
29423,253428
29424,253426
29426,253443
29427,253455
29428,253526
29493,253522
29799,253348
29801,253081
29802,252618
29803,252478
29804,252576
29806,252734
29807,252876
29808,252969
29810,253047
29811,253017

Status: NORMALNO
Konacan_BPM:93
Konacan_SpO2:99
