Korisnik: ana
RelativnoVreme_ms,IR_Signal
0,25400
105,28706
105,22827
110,21288
202,22722
306,25542
306,31127
306,35041
307,40024
307,45367
312,51973
313,64743
313,83321
313,107031
408,123585
512,127087
512,125091
512,125861
512,133849
513,148930
716,170830
716,204629
716,208321
717,215283
717,219537
717,225762
717,233016
718,238764
718,242285
718,244261
818,245575
818,246364
818,247281
819,248051
819,248906
826,249673
826,250485
827,251300
827,252143
1022,252784
1022,253300
1023,253631
1023,253790
1023,253773
1023,253639
1024,253455
1127,253271
1127,253048
1127,252809
1128,252542
1128,252346
1434,252260
1435,252195
1435,252239
1435,252296
1435,252381
1436,252416
1436,252336
1436,252041
1436,251501
1436,251009
1436,250840
1437,250953
1437,251163
1437,251412
1437,251520
1437,251551
1535,251573
1536,251620
1536,251659
1536,251703
1638,251705
1638,251674
1639,251599
1639,251522
1639,251526
1646,251523
1646,251621
1646,251704
1647,251827
1654,251932
1740,252007
2048,252071
2048,252080
2048,252092
2048,252115
2048,252132
2049,252144
2049,252120
2049,252110
2049,252105
2049,252079
2049,252043
2050,252069
2050,252106
2050,252125
2050,252153
2055,252046
2056,251592
2056,250919
2056,250407
2148,250228
2357,250279
2357,250463
2357,250859
2358,251019
2559,251043
2559,251053
2559,251107
2559,251176
2559,251109
2559,251007
2560,250923
2560,250892
2560,250940
2560,250973
2560,251061
2560,251113
2560,251166
2663,251188
2664,251186
2664,251230
2664,251227
2867,251219
2867,251222
2867,251213
2867,251193
2868,251255
2868,251247
2868,251192
2868,250439
2968,249650
2968,249447
2969,249718
2969,250027
3173,250316
3173,250434
3173,250496
3173,250528
3173,250636
3173,250640
3174,250525
3174,250422
3275,250394
3276,250446
3276,250548
3276,250615
3276,250770
3378,250837
3378,250883
3378,250912
3687,250907
3687,250940
3688,250907
3688,250957
3688,250917
3688,250925
3689,250925
3689,250939
3689,250993
3689,251007
3689,250440
3689,249772
3689,249191
3690,249192
3787,249513
3787,249778
3787,249969
3861,250025
3861,250084
3861,250180
3862,250294
3890,250263
3890,250160
3891,250086
3994,250124
4299,250216
4299,250380
4300,250463
4300,250573
4300,250631
4300,250668
4300,250746
4300,250788
4301,250754
4504,250740
4504,250762
4505,250805
4505,250822
4505,250822
4505,250904
4505,250968
4505,250924
4506,250345
4506,249629
4506,249061
4506,249124
4506,249514
4608,249762
4608,250052
4608,250145
4710,250191
4711,250249
4711,250297
4711,250255
4915,250116
4916,250065
4916,250028
4916,250090
4916,250266
5118,250317
5119,250426
5119,250462
5119,250538
5120,250565
5120,250606
5120,250678
5120,250637
5222,250656
5223,250699
5223,250693
5223,250720
5223,250726
5223,250753
5224,250778
5224,250594
5224,250060
5228,249166
5228,248942
5233,249186
5630,249470
5631,249799
5631,249922
5632,249976
5632,250007
5632,250096
5632,250157
5632,250084
5632,249960
5632,249884
5632,249855
5633,249922
5633,250016
5734,250167
5735,250268
5735,250341
5735,250383
5937,250395
5937,250400
5938,250424
5938,250404
5938,250421
5938,250429
5938,250473
5938,250480
6041,250539
6041,250609
6041,250608
6041,250524
6041,250359
6347,249489
6348,248912
6348,248939
6348,249290
6348,249531
6348,249772
6348,249839
6348,249877
6349,249935
6349,249985
6349,249937
6349,249773
6552,249722
6552,249673
6552,249767
6552,249849
6552,249962
6552,250063
6553,250096
6553,250217
6553,250204
6756,250211
6757,250247
6757,250165
6757,250144
6757,250164
6757,250166
6757,250206
6757,250228
6858,250273
6859,250309
6859,250162
6859,249646
7064,248807
7064,248655
7065,248855
7065,249145
7065,249470
7065,249562
7065,249629
7066,249659
7166,249709
7167,249682
7167,249648
7167,249602
7192,249503
7193,249555
7193,249644
7193,249742
7205,249834
7222,249896
7243,249912
7276,249929
7475,249961
7475,249951
7475,249960
7475,249957
7476,249963
7501,249977
7501,250004
7502,250025
7502,250049
7679,250079
7679,250158
7680,250052
7680,249423
8395,248918
8395,248622
8395,248749
8396,249057
8396,249255
8396,249439
8396,249406
8396,249502
8396,249534
8396,249485
8397,249474
8397,249445
8397,249367
8397,249360
8397,249428
8397,249546
8398,249619
8398,249741
8398,249754
8398,249775
8398,249773
8398,249770
8398,249779
8399,249795
8399,249812
8399,249800
8399,249808
8399,249807
8399,249830
8498,249863
8499,249885
8499,249878
8499,249634
8506,248835
8507,248504
8507,248481
8507,248699
8602,248823
8702,249058
8703,249235
8703,249245
8703,249322
8805,249351
8806,249302
8806,249242
8806,249205
9010,249143
9010,249218
9011,249283
9011,249376
9011,249458
9011,249563
9012,249604
9012,249607
9113,249623
9113,249625
9114,249622
9114,249651
9850,249669
9851,249682
9851,249682
9851,249724
9851,249734
9851,249752
9851,249806
9852,249688
9852,249263
9852,248532
9852,248328
9852,248454
9853,248681
9853,248977
9853,249114
9853,249193
9853,249224
9853,249308
9853,249299
9854,249255
9854,249215
9854,249135
9854,249167
9854,249261
9854,249343
9854,249430
9855,249479
9855,249534
9855,249575
9855,249590
10238,249586
10239,249603
10239,249601
10239,249639
10239,249661
10239,249653
10239,249644
10240,249743
10240,249725
10240,249780
10240,249788
10240,249257
10240,248752
10240,248323
10240,248427
10240,248731
10443,248911
10443,249088
10443,249162
10444,249183
10444,249220
10444,249226
10444,249194
10444,249106
10752,249081
10752,249117
10752,249161
10752,249196
10753,249343
10753,249436
10753,249490
10753,249516
10753,249551
10753,249565
10753,249554
10753,249565
10753,249570
10958,249585
10958,249593
10958,249620
10959,249617
10959,249698
10959,249682
10959,249576
10959,249174
10965,248480
10966,248307
10966,248484
10975,248699
11365,248979
11365,249117
11366,249174
11366,249200
11366,249186
11366,249217
11366,249211
11366,249138
11366,249046
11366,249032
11367,249145
11367,249216
11367,249299
11467,249365
11467,249417
11467,249449
11467,249496
11476,249503
11476,249487
11476,249534
11569,249553
11578,249509
11578,249546
11578,249600
11775,249622
11776,249643
11776,249645
11776,249620
11776,249108
11978,248600
11978,248406
11978,248270
11978,248594
11979,248787
11979,248986
11979,249049
12286,249072
12286,249110
12288,249163
12289,249126
12289,249112
12289,249016
12289,249033
12289,249034
12289,249125
12289,249251
12289,249358
12290,249385
12290,249438
12290,249485
12293,249517
12293,249523
12294,249502
12303,249511
12388,249475
12696,249522
12696,249519
12696,249555
12696,249591
12696,249592
12696,249654
12697,249643
12697,249285
12697,248798
12697,248403
12697,248421
12697,248686
12697,248868
12798,249076
12798,249138
13107,249172
13107,249208
13107,249231
13107,249230
13107,249160
13107,249115
13108,249092
13108,249158
13108,249281
13108,249302
13108,249388
13108,249460
13109,249477
13109,249504
13310,249529
13310,249588
13310,249536
13311,249532
13311,249538
13311,249585
13311,249594
13311,249590
13413,249616
13413,249641
13414,249662
13518,249538
13518,248926
13518,248583
13518,248494
13519,248628
13939,248894
13940,249058
13940,249155
13940,249174
13940,249197
13940,249295
13941,249251
13941,249186
13941,249134
13941,249053
13941,249128
13941,249183
13941,249275
13942,249327
13942,249438
13942,249444
13942,249466
14438,249485
14438,249467
14438,249495
14438,249497
14439,249530
14439,249559
14439,249549
14439,249622
14439,249634
14439,249708
14440,249700
14440,249343
14440,248883
14440,248477
14440,248503
14440,248721
14440,248908
14440,248963
14441,249122
14441,249157
14441,249188
14641,249215
14642,249209
14642,249177
14642,249101
14643,249077
14643,249096
14643,249217
14643,249237
14744,249317
14745,249389
14745,249467
14745,249486
14792,249507
14793,249500
14793,249533
14793,249495
14797,249553
14821,249531
14910,249551
15053,249578
15053,249621
15053,249641
15053,249657
15053,249429
15054,248811
15054,248560
15064,248553
15065,248632
15154,248960
15377,249038
15378,249120
15378,249142
15563,249241
15564,249263
15564,249199
15564,249177
15565,249037
15565,249056
15565,249120
15565,249194
15565,249281
15565,249320
15565,249416
15565,249428
15566,249453
15667,249492
15667,249490
15667,249543
15668,249561
15768,249545
15768,249547
15768,249582
15768,249637
15769,249656
16075,249599
16075,249369
16076,248857
16076,248736
16076,248796
16076,248960
16076,249125
16076,249190
16077,249247
16077,249239
16077,249253
16077,249280
16177,249201
16178,249130
16178,249071
16382,249074
16383,249141
16383,249211
16383,249267
16383,249272
16383,249297
16384,249337
16384,249311
16384,249311
16484,249279
16485,249291
16485,249294
16485,249313
16792,249328
16792,249354
16793,249298
16793,249087
16793,248579
16793,248362
16793,248353
16793,248485
16794,248733
16794,248805
16794,248848
16794,248886
16794,248935
16894,248994
16894,248910
16895,248847
16895,248770
16970,248770
16971,248787
16971,248845
16971,248901
17099,248915
17099,248950
17100,248942
17100,248961
17304,248944
17304,248896
17305,248855
17305,248885
17305,248865
17305,248925
17305,248909
17306,248631
17510,248263
17510,248024
17511,248049
17511,248199
17511,248366
17511,248465
17511,248482
17512,248454
17512,248481
17512,248505
17815,248480
17815,248458
17815,248355
17815,248278
17816,248292
17816,248403
17816,248438
17816,248477
17816,248521
17816,248527
17817,248579
17817,248650
17827,248637
17828,248687
17828,248688
17877,248689
17918,248672
18123,248475
18123,248182
18123,247938
18123,247927
18124,248108
18124,248229
18124,248357
18430,248373
18430,248441
18430,248482
18431,248492
18431,248519
18431,248472
18432,248477
18432,248422
18432,248428
18432,248460
18432,248501
18432,248570
18533,248588
18533,248594
18533,248613
18840,248645
18840,248625
18840,248637
18841,248654
18841,248665
18841,248507
18841,248132
18841,247993
18841,248049
18841,248172
18842,248433
18842,248504
18842,248613
18842,248661
19249,248706
19249,248705
19250,248673
19250,248605
19250,248546
19251,248563
19251,248623
19251,248699
19251,248779
19251,248828
19251,248862
19251,248882
19252,248902
19252,248901
19252,248950
19252,248998
19252,248904
19258,248574
19259,248205
19259,248121
19556,248235
19557,248401
19557,248584
19557,248648
19557,248697
19557,248729
19557,248742
19558,248780
19558,248750
19558,248685
19558,248656
19659,248681
19659,248737
19761,248753
19761,248829
19762,248898
19772,248897
19772,248908
19772,248922
19772,248931
19783,248930
20068,248930
20069,248700
20069,248378
20069,248143
20171,248150
20171,248360
20171,248503
20172,248645
20172,248702
20172,248751
20172,248790
20172,248827
20172,248792
20172,248761
20376,248705
20377,248774
20377,248758
20377,248878
20377,248944
20377,248991
20377,249029
20478,249069
20478,249061
20478,249084
20478,249103
20704,249132
20704,249089
20704,248784
20704,248503
21092,248357
21092,248440
21092,248633
21093,248814
21093,248885
21093,248901
21093,248951
21093,248933
21093,248959
21094,248900
21094,248846
21094,248805
21094,248804
21094,248833
21094,248874
21094,248922
21095,248933
21095,248934
21095,248968
21095,248969
21095,248986
21098,249002
21098,249005
21098,248974
21109,248994
21194,249006
21201,248842
21201,248555
21211,248278
21400,248343
21401,248491
21401,248592
21401,248716
21502,248751
21503,248770
21503,248770
21503,248762
21503,248776
21603,248744
21604,248680
21604,248690
21604,248749
21809,248829
21809,248838
21810,248864
21810,248894
21810,248911
21810,248937
21810,248919
21811,248931
22115,248929
22116,248937
22116,248927
22116,248944
22116,248979
22116,248956
22116,248965
22117,248782
22117,248404
22117,248316
22117,248308
22117,248465
22117,248619
22322,248745
22322,248809
22322,248835
22322,248881
22323,248882
22323,248845
22323,248773
22323,248733
22487,248752
22488,248821
22488,248869
22488,248915
22488,248935
22489,248958
22489,248980
22489,248963
22489,248979
22498,248999
22511,249011
22543,249021
22628,249005
22935,249064
22935,249076
22936,249019
22936,249053
22936,248928
22936,248640
22936,248463
22936,248469
22937,248577
22937,248717
22937,248812
22937,248851
23141,248863
23141,248879
23142,248873
23142,248845
23142,248782
23142,248771
23143,248758
23143,248807
23148,248883
23148,248935
23148,248921
23161,248967
23245,248989
23245,249015
23246,249023
23254,248956
23447,248997
23448,248983
23448,249026
23448,249007
23552,249000
23552,249025
23553,249055
23553,249036
23553,248886
23843,248609
23844,248396
23844,248415
23844,248568
23844,248668
23845,248804
23845,248838
23845,248826
23845,248851
23845,248840
23845,248834
23846,248786
23885,248737
23885,248748
23886,248796
23886,248842
23959,248870
24063,248884
24064,248903
24064,248942
24064,248937
24074,248941
24074,248949
24075,248964
24085,248927
24372,248976
24372,248989
24372,249037
24372,249047
24373,249036
24373,249008
24373,248826
24373,248583
24780,248433
24780,248451
24780,248588
24781,248699
24781,248786
24781,248813
24781,248840
24781,248882
24781,248860
24781,248859
24782,248834
24782,248803
24984,248781
24984,248884
24984,248893
24985,248940
24985,248990
24985,248990
24985,249015
24985,248994
24985,249024
24986,249020
24986,249013
24986,249001
24986,249027
25085,249013
25086,249050
25086,249073
25086,249024
25188,248850
25188,248535
25189,248413
25189,248535
25599,248572
25599,248739
25600,248823
25600,248775
25600,248853
25600,248873
25601,248881
25601,248790
25601,248771
25601,248727
25601,248734
25601,248789
25601,248831
25601,248831
25602,248870
25602,248915
25602,248900
25606,248934
25607,248941
25607,248907
25620,248934
25876,248946
25876,248920
25877,248975
25877,248989
25877,248996
25878,248985
25878,248807
25878,248576
26007,248478
26007,248351
26007,248426
26007,248522
26212,248617
26212,248669
26212,248699
26213,248711
26213,248759
26213,248740
26213,248680
26213,248659
26314,248637
26315,248624
26315,248741
26315,248747
26315,248792
26520,248824
26520,248801
26521,248848
26521,248844
26521,248842
26521,248848
26521,248834
26521,248874
26928,248861
26929,248867
26929,248906
26929,248918
26929,248774
26929,248436
26930,248374
26930,248363
26930,248465
26930,248578
26930,248691
26930,248730
26931,248747
26931,248754
26931,248738
26931,248699
26931,248668
27032,248642
27033,248665
27033,248682
27033,248668
27235,248778
27236,248766
27236,248816
27236,248819
27236,248847
27237,248874
27237,248837
27237,248874
27968,248854
27968,248850
27969,248816
27969,248866
27969,248883
27969,248896
27969,248783
27970,248577
27970,248287
27970,248227
27970,248280
27970,248380
27970,248505
27970,248537
27970,248579
27971,248592
27971,248628
27971,248619
27971,248539
27971,248582
27971,248522
27971,248516
27971,248596
27972,248599
27972,248648
27972,248679
27972,248675
27972,248713
27972,248735
27972,248737
28157,248717
28157,248694
28158,248670
28158,248669
28158,248698
28158,248733
28158,248789
28158,248715
28262,248408
28262,248225
28263,248213
28263,248230
28362,248415
28362,248462
28362,248496
28363,248540
28465,248518
28465,248535
28465,248536
28465,248483
28569,248467
28570,248435
28570,248469
28570,248510
28772,248588
28772,248629
28773,248650
28773,248722
28773,248704
28773,248737
28773,248756
28774,248740
28874,248769
28874,248783
28876,248765
28877,248778
29182,248793
29182,248774
29182,248567
29183,248316
29183,248158
29183,248173
29183,248297
29183,248368
29184,248472
29184,248485
29184,248463
29184,248463
29184,248437
29284,248399
29284,248355
29285,248347
29285,248373
29391,248341
29391,248434
29391,248503
29391,248547
29489,248590
29489,248599
29489,248595
29489,248612
29797,248632
29798,248623
29798,248620
29798,248609
29798,248620
29798,248675
29798,248682
29799,248704
29799,248685
29799,248429
29799,248209
29799,248128
29799,248124
29804,248222
29804,248345
29804,248450
29860,248442
29860,248439
29893,248475
29916,248476
29937,248436
29942,248405

Status: NORMALNO
Konacan_BPM:89
Konacan_SpO2:98
