Korisnik: smilja
RelativnoVreme_ms,IR_Signal
0,21397
60,22494
60,24954
61,27124
61,28206
336,30627
336,33111
336,36800
336,40669
337,43663
337,46217
337,49032
337,53428
337,60059
337,63007
543,63386
543,66938
543,82571
544,107220
544,139788
544,172747
544,205461
544,237775
544,244085
544,247511
545,250423
741,252282
741,253420
742,254206
742,254680
742,255160
742,255577
742,255935
742,256129
742,256252
742,256288
1052,256270
1053,256220
1053,256273
1053,256414
1053,256598
1053,256755
1054,256896
1054,257025
1054,257120
1054,257325
1054,257579
1054,257806
1054,257908
1054,258007
1054,258051
1360,258119
1360,258165
1360,258142
1360,258014
1360,257777
1361,257481
1361,257352
1361,257386
1361,257558
1361,257812
1361,258028
1361,258189
1361,258325
1361,258413
1362,258504
1362,258617
1564,258674
1564,258710
1565,258755
1565,258775
1565,258802
1565,258817
1565,258797
1565,258716
1566,258654
1566,258642
1568,258652
1568,258683
1568,258724
1568,258663
1568,258651
1579,258622
1606,258618
1620,258556
1640,258503
1770,258363
1880,258281
1880,258268
1880,258206
1880,258033
1881,257832
1881,257613
1881,257454
1881,257496
1882,257617
1882,257727
1884,257869
1974,257942
2179,257982
2179,257998
2179,258070
2179,258023
2179,257951
2180,257825
2180,257788
2285,257728
2285,257724
2285,257720
2286,257709
2286,257730
2286,257711
2286,257695
2286,257619
2290,257597
2383,257554
2587,257497
2588,257444
2588,257403
2588,257199
2588,256818
2588,256710
2753,256748
2753,256881
2753,257008
2754,257110
2754,257153
2754,257062
2754,257280
2754,257272
2754,257074
2993,257067
2993,257013
2993,256984
2993,256981
2994,256953
2994,256953
2994,256943
2994,256932
3204,256902
3204,256911
3204,256912
3204,256868
3204,256867
3205,256790
3205,256763
3205,256751
3205,256670
3324,256319
3324,256127
3325,256076
3325,256164
3325,256193
3325,256413
3325,256466
3325,256536
3612,256512
3613,256512
3613,256485
3613,256510
3613,256434
3613,256417
3613,256425
3613,256422
3817,256417
3817,256459
3817,256494
3817,256472
3817,256485
3818,256501
3818,256509
3818,256539
3965,256564
3965,256488
3965,256486
3965,256407
3965,256458
3965,256389
3966,256289
3966,255925
3966,255721
4021,255710
4021,255906
4130,256004
4130,256083
4130,256133
4130,256150
4130,256174
4131,256178
4348,256104
4348,256008
4348,255960
4348,255963
4348,255976
4349,255979
4349,255978
4349,256004
4349,256013
4431,256030
4638,256042
4639,255983
4641,255967
4642,255975
4643,255966
4644,255953
4645,255895
4843,255872
4844,255762
4845,255429
4846,255240
4847,255202
4849,255305
4850,255461
4851,255466
5048,255542
5049,255583
5050,255649
5052,255671
5053,255617
5055,255522
5056,255472
5057,255437
5355,255434
5357,255445
5358,255519
5359,255551
5360,255569
5361,255597
5363,255567
5364,255539
5365,255574
5366,255564
5367,255605
5368,255581
5369,255504
5560,255485
5562,255531
5563,255416
5564,255041
5565,254825
5567,254767
5568,254857
5569,255019
5765,255128
5766,255210
5767,255231
5768,255275
5769,255262
5771,255272
5772,255228
5773,255131
6015,255082
6016,255167
6017,255165
6018,255235
6020,255305
6021,255275
6022,255288
6023,255350
6024,255330
6025,255296
6026,255306
6027,255322
6028,255299
6071,255275
6072,255281
6277,255277
6278,255211
6279,254853
6281,254711
6282,254662
6283,254707
6583,254871
6585,254946
6586,255036
6587,255030
6588,255159
6590,255172
6591,255114
6592,255027
6593,254983
6594,254998
6596,254988
6597,255018
6598,255055
6788,255151
6790,255201
6791,255228
6792,255273
6793,255264
6795,255291
6796,255299
6797,255349
6993,255381
6995,255308
6997,255329
6998,255266
6999,255068
7000,254782
7002,254745
7003,254868
7198,254953
7200,255030
7201,255105
7202,255147
7203,255146
7205,255207
7206,255188
7207,255202
7208,255101
7413,254988
7415,254935
7416,254961
7417,254967
7418,255032
7420,255065
7421,255071
7422,255124
7608,255191
7610,255205
7611,255194
7612,255146
7613,255114
7614,255141
7616,255147
7617,255015
7817,254718
7818,254566
7819,254643
7821,254756
7822,254959
7823,255026
7825,255113
7826,255168
7997,255229
7998,255223
8000,255169
8001,255092
8002,255018
8003,255010
8004,255037
8005,255038
8007,255108
8130,255119
8131,255148
8133,255157
8134,255152
8135,255118
8136,255114
8137,255101
8139,255132
8140,255173
8224,255001
8233,254718
8234,254498
8241,254557
8529,254686
8530,254735
8533,254860
8534,254978
8535,255006
8536,255175
8537,255188
8539,255143
8643,255024
8645,254995
8646,254923
8647,254913
8649,254970
8650,255007
8651,255065
8652,255111
8939,255095
8940,255120
8942,255122
8943,255133
8944,255146
8946,255205
8948,254993
8949,254741
9157,254492
9159,254484
9160,254620
9161,254709
9162,254854
9163,254951
9164,254969
9165,255023
9166,255048
9167,255007
9167,254916
9168,254813
9451,254807
9452,254840
9454,254866
9455,254869
9456,254938
9457,254946
9458,255005
9460,255000
9461,255053
9555,255116
9556,255134
9557,255127
9559,254890
9560,254659
9561,254468
9562,254525
9563,254701
9655,254773
9964,254881
9965,254960
9966,254997
9968,255063
9969,255045
9970,254996
9971,254903
9973,254882
9974,254890
9975,254882
9976,254905
9977,254916
10110,254968
10111,254999
10113,254958
10113,254943
10114,254945
10115,254981
10116,255027
10116,254962
10117,254664
10118,254520
10167,254546
10171,254624
10272,254758
10475,254901
10477,254927
10478,255012
10479,255044
10480,255135
10482,255040
10483,255002
10680,254911
10681,254895
10682,254880
10683,254901
10685,254972
10686,254962
10687,254972
10688,254949
10689,254969
10886,254994
10887,254959
10888,254967
10890,254943
10891,254864
10892,254581
10893,254343
10894,254297
11090,254410
11091,254540
11092,254617
11093,254733
11094,254727
11096,254711
11097,254759
11098,254799
11099,254741
11202,254696
11203,254691
11205,254680
11206,254671
11207,254715
11208,254740
11209,254758
11211,254778
11296,254810
11504,254829
11505,254833
11507,254802
11508,254808
11509,254783
11510,254763
11511,254634
11513,254344
11514,254113
11515,254125
11516,254231
11602,254398
11717,254443
11718,254503
11720,254540
11721,254586
11722,254584
11723,254595
11725,254567
11726,254525
11731,254587
11806,254596
11810,254653
11815,254655
11908,254640
12113,254697
12115,254684
12116,254674
12117,254672
12118,254694
12120,254696
12121,254680
12324,254670
12325,254693
12326,254693
12327,254672
12328,254626
12330,254340
12331,254159
12332,254115
12525,254119
12527,254270
12529,254416
12530,254423
12531,254508
12533,254526
12534,254559
12535,254545
12537,254525
12832,254453
12833,254438
12834,254436
12835,254425
12837,254439
12838,254479
12839,254535
12840,254546
12841,254555
12842,254605
12844,254589
12845,254595
12938,254603
12940,254588
12941,254579
12942,254537
12943,254545
12945,254566
12946,254485
12948,254280
12949,254055
13036,254024
13150,254149
13151,254198
13152,254261
13153,254292
13155,254302
13156,254328
13157,254403
13164,254384
13446,254374
13447,254341
13449,254317
13450,254344
13451,254368
13452,254372
13453,254358
13651,254421
13652,254446
13677,254422
13678,254443
13679,254401
13680,254433
13682,254419
13683,254429
13856,254426
13858,254382
13859,254405
13860,254376
13861,254406
13862,254320
13864,254135
13865,253968
14013,253899
14015,254035
14016,254129
14017,254185
14018,254228
14019,254324
14021,254337
14022,254361
14023,254382
14161,254322
14163,254277
14164,254312
14165,254318
14377,254352
14378,254361
14379,254385
14381,254405
14382,254439
14383,254376
14384,254354
14385,254428
14386,254393
14387,254392
14388,254416
14389,254440
14390,254509
14570,254467
14675,254445
14676,254511
14677,254480
14679,254398
14680,254175
14681,254070
14682,254117
14683,254171
14685,254232
14686,254296
14687,254342
14776,254289
14979,254349
14981,254398
14982,254328
14983,254309
14985,254229
14986,254192
14987,254226
15185,254251
15186,254263
15187,254309
15188,254341
15190,254324
15191,254336
15192,254320
15193,254362
15291,254384
15293,254343
15294,254334
15295,254347
15296,254391
15298,254334
15299,254405
15300,254219
15301,254078
15390,253875
15594,253952
15595,254008
15595,254047
15596,254075
15597,254154
15598,254185
15599,254186
15700,254271
15700,254258
15701,254187
15702,254170
15703,254170
15703,254172
15704,254210
15705,254213
15708,254255
15798,254268
15802,254303
15803,254331
15809,254307
15902,254326
16107,254340
16109,254323
16110,254354
16111,254340
16112,254303
16114,254293
16220,254300
16222,254314
16224,254309
16225,254082
16226,253827
16227,253775
16228,253865
16229,253969
16231,254018
16255,254049
16256,254150
16270,254176
16317,254233
16418,254201
16420,254243
16421,254178
16422,254228
16423,254214
16518,254270
16522,254272
16524,254282
16525,254320
16619,254322
16731,254350
16733,254337
16734,254358
16735,254399
16736,254404
16738,254417
16739,254454
16940,254400
16942,254400
16943,254426
16944,254458
16945,254413
16947,254292
16948,254033
16949,253971
17142,253986
17143,254022
17144,254079
17145,254144
17146,254196
17148,254236
17149,254231
17150,254228
17151,254180
17234,254125
17440,254139
17442,254115
17443,254087
17444,254118
17446,254187
17447,254213
17448,254177
17449,254227
17450,254262
17451,254273
17452,254228
17540,254252
17652,254255
17653,254250
17654,254234
17655,254222
17656,254210
17656,254145
17657,253854
17660,253750
17748,253751
17859,253807
17860,253885
17861,253991
17862,254056
17863,254037
17865,254119
17866,254124
17950,254094
18155,254085
18156,254014
18157,254050
18159,254030
18161,254058
18162,254073
18163,254141
18465,254168
18466,254195
18468,254214
18469,254217
18470,254237
18471,254281
18472,254305
18474,254259
18668,254235
18669,254210
18670,254263
18671,254238
18672,254188
18674,253985
18675,253763
18676,253750
18677,253798
18678,253844
18679,253937
18680,253986
18813,254069
18815,254106
18816,254129
18817,254170
18818,254137
18819,254155
18820,254129
18822,254139
18823,254152
18824,254222
18825,254266
18872,254267
18875,254306
18884,254361
18975,254375
19182,254452
19183,254436
19185,254503
19186,254492
19187,254533
19188,254544
19391,254559
19392,254538
19394,254482
19395,254227
19397,254106
19398,254068
19399,254073
19400,254106
19402,254168
19403,254268
19404,254299
19405,254335
19406,254385
19407,254356
19489,254289
19494,254208
19495,254161
19506,254155
19590,254122
19805,254169
19806,254177
19807,254213
19808,254234
19810,254226
19811,254216
19813,254254
19814,254272
19815,254290
19816,254310
19817,254346
19827,254336
19897,254064
19901,253879
19902,253841
19997,253800
20112,253888
20113,253929
20115,254051
20116,254133
20117,254163
20118,254163
20119,254261
20120,254321
20203,254300
20316,254270
20317,254223
20319,254202
20320,254209
20321,254243
20322,254269
20323,254312
20407,254258
20613,254298
20614,254392
20616,254407
20617,254463
20618,254424
20619,254436
20808,254455
20809,254479
20811,254265
20812,254031
20813,253956
20814,253997
20816,254096
20818,254197
20819,254256
21022,254351
21022,254399
21023,254495
21024,254546
21025,254548
21025,254643
21026,254810
21027,255034
21227,255238
21228,255462
21230,255812
21231,255996
21232,256090
21233,256120
21234,256133
21236,256154
21434,256133
21435,255988
21437,255881
21438,255407
21439,255228
21440,255190
21441,255061
21442,255150
21444,255358
21636,255685
21637,255925
21638,255786
21639,255146
21639,254755
21640,254297
21641,254035
21642,253776
21842,253689
21843,253580
21845,253829
21846,255149
21847,256405
21848,258008
21849,258634
21851,259761
22041,260503
22042,257118
22042,249302
22043,243209
22044,114688
