Korisnik: dd
RelativnoVreme_ms,IR_Signal
0,21100
307,26283
512,40649
512,38880
512,36935
512,38892
513,51990
513,74178
513,106976
513,139957
514,172517
514,204459
819,238262
820,252965
820,253210
820,253863
820,254905
820,256203
821,257794
821,259975
821,261470
821,262143
821,262143
821,262143
821,262143
822,262143
822,262143
1024,262035
1025,260939
1025,260286
1025,259682
1025,259329
1025,259220
1026,259278
1026,259356
1026,259364
1026,259194
1027,258984
1050,258888
1051,258824
1051,258561
1051,258093
1051,257709
1063,257469
1064,257299
1331,257332
1331,257445
1331,257807
1332,258453
1332,259401
1332,260535
1332,261673
1332,262143
1342,262143
1343,262143
1343,262143
1343,262143
1343,262143
1343,262143
1443,262143
1444,262143
1444,262143
1444,262143
1444,262143
1843,262143
1843,262143
1843,262143
1844,262143
1844,262143
1844,262143
1844,262143
1844,262143
1844,262143
1844,262143
1845,262143
1845,262143
1845,262143
1845,262143
1845,262143
2046,262143
2046,262143
2047,262143
2047,262143
2047,262143
2047,262143
2047,262143
2048,262143
2048,262143
2048,262143
2252,262143
2252,262143
2252,262143
2252,262143
2253,262143
2253,262143
2457,262116
2458,262076
2458,261972
2458,262100
2458,262065
2459,262115
2459,262074
2459,262103
2459,262143
2459,262143
2459,262136
2460,262069
2460,261955
2464,261715
2464,261532
2464,261263
2464,261160
2661,260991
2867,260826
2867,260560
2867,260278
2868,259949
2868,259764
2868,259549
2868,259447
2868,259312
2868,259230
2868,259185
2869,259186
2874,259145
2874,259126
2875,259169
2875,259192
2875,259210
2979,259194
2980,259215
2980,259295
2980,259368
3070,259516
3081,259689
3081,259675
3081,259802
3095,259862
3173,259846
3379,259885
3380,259854
3380,259797
3380,259713
3380,259676
3380,259702
3380,259735
3603,259707
3604,259680
3604,259705
3604,259716
3604,259659
3604,259634
3605,259584
3789,259572
3789,259543
3790,259509
3790,259505
3790,259500
4096,259420
4096,259328
4096,259320
4097,259293
4097,259319
4097,259289
4097,259294
4097,259316
4097,259261
4098,259308
4098,259292
4098,259333
4098,259322
4098,259330
4098,259384
4098,259399
4205,259376
4206,259335
4206,259336
4206,259312
4207,259325
4207,259324
4207,259258
4207,259245
4406,259250
4406,259247
4406,259241
4415,259234
4415,259178
4415,259162
4415,259138
4415,259163
4513,259189
4513,259199
4513,259194
4514,259221
4615,259263
4615,259254
4615,259260
4616,259262
4713,259304
4716,259330
4720,259314
4722,259299
4729,259292
4815,259307
5327,259298
5330,259257
5332,259270
5335,259348
5337,259421
5340,259357
5342,259354
5345,259350
5347,259403
5350,259324
5352,259274
5355,259270
5358,259238
5360,259236
5363,259264
5633,259278
5636,259222
5639,259246
5642,259258
5644,259262
5647,259208
5649,259246
5652,259254
5654,259231
5657,259232
5660,259208
5663,259201
5666,259217
5668,259195
5671,259187
5674,259219
6043,259149
6046,259119
6048,259158
6051,259136
6054,259129
6057,259066
6060,259001
6062,258885
6065,258851
6068,258557
6070,258480
6073,258446
6075,258495
6077,258562
6080,258553
6082,258625
6454,258717
6457,258756
6459,258871
6462,258818
6465,258770
6468,258673
6471,258659
6473,258635
6476,258630
6478,258693
6480,258710
6482,258753
6485,258819
6488,259021
6490,259007
6492,258949
6494,258963
6496,259092
6499,259107
6502,259285
6504,259380
6558,259383
6561,259359
6564,259382
6567,259396
6760,259447
7271,259424
7273,259312
7275,259177
7279,259317
7282,259451
7285,259440
7288,259462
7290,259507
7292,259554
7294,259614
7296,259603
7299,259563
7301,259482
7304,259474
7306,259401
7309,259080
7312,258950
7315,259093
7317,259066
7319,259103
7321,258982
7324,258697
7326,258659
7579,258557
7581,258567
7584,258696
7586,258715
7589,258827
7592,259036
7595,259297
7598,259341
7989,259315
7992,259336
7995,259407
7997,259409
8000,259393
8003,259502
8006,259467
8008,259532
8011,259711
8013,259739
8016,259777
8019,259795
8021,259820
8024,259786
8026,259771
8028,259708
8031,259655
8033,259650
8035,259613
8037,259607
8040,259666
8297,259695
8299,259881
8301,259911
8304,259963
8308,259993
8311,259997
8313,259980
8315,260021
8500,259978
8503,259950
8505,259952
8507,259956
8510,259949
8512,259909
8515,259931
8518,259925
8520,259930
8523,259897
8526,259933
8528,259970
8531,259942
8534,259888
8536,259864
8539,259785
8542,259727
8603,259732
9029,259711
9032,259671
9034,259639
9037,259639
9039,259647
9042,259615
9045,259635
9048,259646
9050,259680
9053,259693
9055,259741
9058,259732
9061,259741
9064,259785
9067,259842
9069,259909
9072,259870
9074,259888
9077,259874
9080,259892
9219,259841
9329,259815
9332,259791
9335,259784
9337,259784
9340,259716
9342,259696
9345,259646
9348,259593
9350,259639
9353,259680
9439,259729
9441,259699
9445,259698
9448,259747
9831,259716
9834,259685
9836,259627
9839,259642
9842,259546
9844,259483
9847,259412
9849,259434
9852,259408
9854,259445
9856,259498
9859,259503
10651,259481
10654,259436
10656,259397
10659,259320
10662,259316
10666,259345
10668,259340
10671,259371
10674,259386
10676,259410
10679,259440
10681,259451
10684,259513
10686,259528
10688,259572
10690,259596
10692,259591
10695,259602
10698,259611
10700,259620
10702,259650
10704,259679
10707,259725
10710,259745
10713,259815
10716,259824
10718,259810
10720,259833
10723,259863
10725,259879
10727,259906
10730,259920
10732,259961
10735,259980
10738,260020
10741,260044
10743,260088
10745,260064
10752,260129
11060,260158
11063,260237
11065,260270
11068,260374
11071,260362
11074,260424
11077,260500
11079,260404
11082,260454
11085,260504
11088,260538
11368,260565
11370,260561
11373,260713
11376,260790
11379,260875
11382,260953
11385,260992
11387,260969
11390,260963
11393,260964
11395,260922
11397,260943
11675,261015
11678,260989
11681,261069
11684,261100
11686,261093
11689,261091
11692,261102
11694,261115
11697,261140
11700,261123
11702,261071
11704,261059
11981,261026
11985,261012
11987,260988
11990,261007
11993,261003
11995,261033
11998,261041
12000,261035
12003,261058
12005,261043
12007,261007
12009,261010
12597,261022
12599,261092
12602,261042
12605,261010
12608,261003
12610,261002
12613,260998
12615,261023
12618,261011
12620,260995
12623,260991
12625,261026
12627,261038
12630,261003
12632,260969
12634,260874
12636,260709
12638,260628
12641,260546
12643,260579
12646,260626
12904,260610
12908,260640
12910,260595
12914,260665
12916,260615
12918,260610
12921,260627
12923,260595
12925,260646
12928,260740
12930,260811
12933,260833
12935,260838
12937,260963
12939,260996
12941,260985
12944,260874
12946,260731
12948,260733
12951,260761
13518,260814
13521,260788
13523,260793
13526,260879
13529,260932
13531,260985
13533,260989
13536,261044
13538,261073
13541,261171
13543,261182
13546,261124
13549,261067
13551,261024
13554,261010
13556,261007
14442,261110
14445,261300
14448,261375
14450,261535
14453,261622
14456,261760
14458,261888
14460,262081
14463,262143
14465,262143
14468,262111
14470,261977
14473,261939
14475,262016
14477,262030
14480,262063
14482,262096
14484,262111
14487,262106
14489,262142
14492,262109
14494,262117
14497,262143
14499,262143
14503,262143
14505,262143
14508,262143
14510,262143
14513,262143
14516,262143
14518,262143
14521,262143
14523,262143
14526,262143
14528,262143
14531,262143
14533,262143
14644,262143
14647,262143
14649,262143
14652,262143
14655,262143
14657,262143
14659,262143
14661,262143
14664,262143
14666,262143
14669,262143
14672,262143
14674,262143
14849,262143
14851,262143
14854,262143
14857,262143
14860,262110
14863,261929
14865,261933
14869,262061
14872,262089
14874,262143
14876,262143
14879,262143
14951,262143
15069,262143
15071,262143
15074,262143
15077,262143
15079,262143
15082,262143
15085,262143
15156,262143
15165,262143
15168,262143
15171,262143
15174,262143
15205,262143
15686,262143
15688,262143
15713,262143
15716,262143
15718,262143
15721,262143
15723,262143
15726,262143
15728,262143
15731,262143
15733,262143
15736,262143
15738,262143
15741,262143
15743,262143
15745,262143
15747,262143
15749,262143
15752,262143
15976,262143
15979,262143
15982,262143
15984,262143
15987,262143
15990,262143
15992,262143
15995,262143
16081,262143
16084,262143
16086,262143
16090,262143
16094,262143
16097,262143
16099,262143
16101,262143
16488,262143
16490,262143
16493,262143
16496,262143
16499,262143
16502,262143
16505,262143
16508,262143
16510,262143
16512,262143
16515,262143
16518,262143
16795,262143
16798,262143
16800,262143
16803,262143
16806,262143
16810,262143
16812,262143
16815,262143
17102,262143
17105,262143
17107,262143
17110,262143
17112,262005
17115,261906
17118,261997
17120,262082
17123,262143
17125,262143
17127,262143
17130,262143
17132,262143
17136,262143
17138,262143
17140,262143
17142,262143
17614,262143
17617,262143
17620,262143
17622,262143
17625,262143
17628,262143
17631,262143
17633,262143
17635,262143
17637,262143
17640,262143
17643,262143
17645,262143
17647,262143
17650,262143
17652,262143
18127,262143
18130,262143
18132,262143
18135,262143
18137,262143
18139,262143
18142,262143
18144,262143
18146,262143
18148,262143
18151,262143
18154,262143
18156,262143
18159,262143
18161,262143
18163,262143
18165,262143
18168,262143
18170,262143
18173,262143
18175,262143
18178,262143
18180,262143
18183,262143
18185,262143
18188,262143
18191,262143
18193,262125
18195,262139
18198,262038
18433,262085
18436,262027
18439,261981
18441,262093
18444,262143
18447,262143
18450,262143
18452,262143
18455,262116
18457,262110
18460,262082
18463,262086
18560,262051
18563,261961
18565,261950
18569,261971
18579,262007
18651,262043
18654,262084
18665,262141
18765,262143
18768,262143
18770,262143
18865,262050
18868,262020
18885,261990
18888,261995
18890,261985
18893,261974
18946,261981
19561,261954
19563,262008
19566,261998
19570,262003
19573,262041
19576,262011
19578,262021
19581,261999
19584,261995
19586,261954
19589,261987
19591,262008
19593,262079
19595,262078
19598,262094
19600,262113
19603,262105
19605,262143
19608,262143
19611,262143
19613,262143
19616,262143
20072,262143
20075,262143
20077,262143
20081,262143
20083,262143
20086,262080
20089,262066
20091,262143
20094,262143
20096,262143
20099,262143
20101,262143
20104,262143
20106,262143
20109,262143
20111,262143
20114,262143
20116,262143
20119,262143
20121,262143
20277,262143
20279,262143
20282,262143
20285,262143
20288,262143
20587,262143
20590,262143
20593,262143
20596,262143
20598,262143
20601,262143
20604,262143
20606,262143
20609,262143
20611,262143
20615,262143
20618,262143
20621,262143
20623,262143
20626,262143
20628,262143
20890,262143
20893,262143
20895,262143
20898,262143
20900,262143
20903,262143
20905,262143
20908,262143
20911,262143
20913,262143
20916,262143
20918,262143
21096,262143
21098,262143
21101,262143
21103,262143
21106,262143
21109,262143
21111,262143
21114,262143
21301,262143
21303,262143
21306,262143
21308,262143
21311,262143
21314,262143
21316,262143
21318,262143
21812,262143
21815,262143
21818,262143
21821,262143
21823,262143
21826,262143
21828,262143
21830,262143
21832,262143
21834,262143
21836,262143
21839,262143
21841,262143
21843,262143
21845,262143
21847,262143
21850,262143
21852,262143
21855,262143
21858,262143
21861,262143
22427,262143
22430,262143
22432,262143
22435,262143
22438,262143
22441,262143
22443,262143
22446,262143
22449,262143
22451,262143
22454,262143
22457,262143
22460,262143
22462,262143
22465,262143
22467,262143
22470,262143
22472,262143
22475,262143
22478,262143
22480,262143
22483,262143
22485,262143
22488,262143
22491,262143
22632,262143
22634,262143
22637,262143
22640,262143
22643,262143
22646,262143
22648,262143
22651,262143
22654,262143
22657,262143
22660,262143
22662,262143
22734,262143
22940,262143
22942,262143
22945,262143
22947,262143
22950,262143
22953,262143
22956,262143
23042,262143
23044,262143
23047,262143
23050,262143
23056,262143
23059,262143
23061,262143
23064,262143
23143,262143
23157,262143
23159,262143
23162,262143
23350,262143
23352,262143
23355,262143
23358,262143
23553,262143
23557,262143
23559,262143
23562,262143
23564,262143
23567,262143
23569,262143
23572,262143
23861,262143
23864,262143
23866,262143
23869,262143
23872,262143
23875,262143
23877,262143
23880,262143
23882,262143
23885,262143
23888,262143
23891,262143
24067,262143
24070,262143
24073,262143
24075,262143
24078,262143
24081,262143
24083,262143
24086,262143
24089,262143
24580,262143
24583,262143
24585,262143
24588,262143
24590,262143
24593,262143
24596,262143
24599,262143
24602,262143
24605,262143
24607,262143
24610,262143
24612,262143
24615,262143
24618,262143
24620,262143
24884,262143
24887,262143
24890,262143
24893,262143
24896,262143
24898,262143
24901,262143
24903,262143
24905,262143
24908,262143
24909,262143
24909,262143
24910,262143
24910,262143
24911,262143
24912,262143
24912,262143
25189,262143
25190,262143
25190,262143
25191,262143
25192,262143
25192,262143
25192,262143
25193,262143
25193,262143
25194,262143
25194,262143
25195,262143
25599,262143
25600,262143
25601,262143
25601,262143
25602,262143
25602,262143
25603,262143
25603,262143
25604,262143
25604,262143
25605,262143
25605,262143
25606,262143
25606,262143
25606,262143
25607,262143
25608,262143
25608,262143
25609,262143
25609,262143
25701,262143
25710,262143
25710,262143
25711,262143
25721,262143
25804,262143
26214,262143
26214,262143
26215,262143
26216,262143
26217,262143
26217,262143
26218,262143
26219,262143
26219,262143
26220,262143
26220,262143
26221,262143
26221,262143
26222,262143
26623,262143
26624,262143
26647,262143
26648,262143
26649,262143
26650,262143
26650,262143
26651,262143
26651,262143
26652,262143
26652,262143
26653,262143
26654,262143
26654,262143
26655,262143
26655,262143
26656,262143
26656,262143
26657,262143
26657,262143
26658,262143
26658,262143
26725,262143
27134,262143
27135,262143
27136,262143
27136,262143
27137,262143
27138,262143
27138,262143
27139,262143
27139,262143
27140,262143
27141,262143
27141,262143
27142,262143
27143,262143
27750,262143
27750,262143
27751,262143
27751,262143
27752,262143
27753,262143
27753,262143
27754,262143
27754,262143
27755,262143
27755,262143
27756,262143
27757,262143
27757,262143
27760,261572
27762,260534
27764,260103
27767,259815
27769,259882
27771,260319
27773,260588
27776,260905
27778,261036
27780,260947
27783,260628
28059,260305
28062,260332
28065,261138
28068,261716
28071,262143
28074,262143
28076,262143
28079,262143
28081,262143
28084,262143
28087,262143
28090,262143
28469,262143
28471,262143
28474,262143
28476,262142
28479,261861
28482,261629
28485,261398
28488,261197
28490,260750
28493,260372
28496,259770
28499,259503
28502,258711
28504,258146
28507,257461
28509,257087
28512,258639
28673,258945
28675,259234
28678,259373
28681,259320
28683,259339
28686,258772
28688,258389
29391,257698
29394,257431
29396,257145
29399,257097
29402,257539
29405,258192
29408,258945
29410,259606
29413,260095
29415,260084
29418,260790
29421,261006
29423,261443
29425,261839
29428,262143
29430,262143
29432,262143
29435,262143
29437,262143
29439,262143
29441,262143
29443,262143
29446,262143
29448,262143
29451,262143
29902,262109
29905,262143
29907,262143
29910,262143
29913,262143
29915,262143
29917,262143
29920,262143
29923,262143
29926,262143
29929,261871
29931,260894
29934,260311
29937,259877
29939,259925
29942,260029
29945,260065
29948,261121
29950,261677
29952,262143
29955,262143
29957,262143
29959,262143
29962,262143
29964,262143

Status: KRITICNO
Konacan_BPM:105
Konacan_SpO2:81
