Korisnik: doroteja
RelativnoVreme_ms,IR_Signal
0,252259
0,252310
0,252344
0,252369
1,252514
1,252590
1,252695
1,252700
1,252808
1,252857
1,252920
2,252994
143,253074
143,253083
143,253139
143,253242
144,253316
144,253331
144,253341
144,253246
144,252778
154,252418
208,252242
214,252339
225,252484
307,252539
312,252553
312,252524
421,252663
422,252717
422,252795
422,252788
428,252753
511,252770
613,252849
614,252974
614,253103
680,253160
680,253199
680,253274
681,253308
730,253347
730,253279
739,253249
740,253329
841,253354
842,253312
842,253366
842,253474
944,253426
944,253288
944,253208
944,252639
955,252430
1044,252388
1045,252505
1045,252597
1228,252611
1228,252559
1228,252632
1229,252801
1229,252799
1331,252813
1331,252801
1332,252714
1332,252777
1337,252855
1337,252937
1337,253101
1535,253104
1536,253182
1536,253140
1536,253195
1536,253250
1541,253260
1541,253275
1541,253305
1638,253297
1739,253428
1740,253388
1740,253433
1740,253463
1842,253350
1842,253104
1843,252602
1843,252441
1948,252404
1948,252528
1948,252611
1948,252623
1958,252593
1958,252552
1959,252630
1959,252742
1980,252772
2047,252762
2254,252779
2254,252798
2254,252892
2254,253036
2255,253161
2255,253204
2264,253268
2264,253379
2265,253447
2265,253495
2355,253515
2480,253577
2481,253625
2481,253630
2481,253648
2481,253756
2482,253815
2482,253843
2486,253834
2559,253607
2763,253188
2763,252925
2867,252841
2867,252968
2867,253132
2867,253203
2868,253226
2868,253260
2868,253321
2868,253393
2868,253480
2872,253457
2873,253474
2873,253534
2885,253592
2969,253653
2974,253754
2974,253767
3053,253789
3058,253771
3058,253811
3058,253834
3082,253788
3102,253819
3180,253801
3180,253879
3277,253909
3378,253917
3378,253875
3378,253767
3379,253319
3383,253069
3383,252844
3383,252884
3403,253055
3412,253092
3487,253028
3487,253084
3487,253189
3589,253177
3589,253234
3590,253290
3590,253226
3685,253268
3691,253297
3691,253370
3691,253481
3788,253556
3992,253599
3993,253629
3993,253632
3993,253599
3993,253720
3993,253696
3994,253725
3994,253726
4001,253730
4001,253782
4001,253727
4119,253487
4119,253064
4119,252846
4120,252832
4120,252859
4198,252952
4325,252900
4326,252887
4326,252960
4326,253044
4326,253017
4326,253136
4326,253094
4351,252971
4377,253018
4393,253046
4409,253045
4505,253021
4510,253060
4510,253250
4511,253307
4607,253333
4612,253444
4612,253486
4615,253544
4652,253549
4726,253550
4738,253554
4740,253589
4744,253440
4758,253164
4813,252709
4834,252662
4860,252606
4869,252626
4916,252635
4921,252602
5019,252596
5121,252694
5123,252944
5125,253090
5126,253088
5140,253077
5142,253069
5143,253116
5158,253218
5179,253188
5223,253225
5229,253282
5333,253225
5335,253236
5338,253318
5340,253409
5531,253370
5533,253323
5535,253370
5536,253332
5538,252939
5633,252858
5635,252547
5637,252591
5640,252625
5654,252636
5656,252647
5657,252690
5663,252746
5665,252776
5736,252784
5859,252874
5862,252865
5864,252869
5867,252880
5868,252945
5870,253026
5872,253102
5940,253179
5948,253240
5950,253220
5961,253221
6043,253215
6165,253247
6167,253248
6168,253266
6170,252941
6171,252761
6172,252366
6173,252288
6257,252374
6259,252366
6261,252410
6281,252376
6293,252350
6350,252437
6372,252572
6381,252611
6392,252561
6452,252573
6457,252592
6478,252564
6554,252676
6562,252704
6563,252850
6573,252919
6634,252897
6656,252892
6796,252933
6799,252966
6801,252993
6804,253037
6806,252934
6861,252670
6863,252208
6869,252015
6871,252115
6884,252117
6964,252165
6986,252120
6988,252087
6998,252146
7067,252241
7190,252269
7191,252278
7193,252238
7194,252229
7195,252250
7197,252331
7198,252470
7271,252480
7277,252559
7279,252628
7288,252684
7374,252736
7378,252796
7381,252791
7477,252847
7481,252922
7484,252896
7486,252883
7488,252674
7578,252274
7783,251980
7785,251889
7787,251957
7788,251992
7790,252020
7792,252030
7794,251985
7795,252064
8012,252178
8014,252220
8015,252230
8017,252264
8018,252267
8019,252255
8020,252411
8022,252442
8026,252563
8028,252678
8031,252708
8035,252791
8038,252871
8091,252946
8102,253005
8103,253088
8198,253100
8200,253075
8202,253097
8204,252957
8296,252493
8421,252135
8423,252063
8425,252015
8427,252149
8428,252147
8430,252169
8432,252233
8433,252483
8505,252589
8507,252574
8509,252544
8630,252574
8633,252634
8634,252735
8636,252789
8642,252928
8644,253001
8683,253125
8703,253099
8812,253112
8814,253104
8816,253228
8818,253273
8820,253320
8910,253336
9012,253257
9014,253070
9016,252542
9019,252347
9022,252363
9025,252361
9027,252458
9061,252523
9072,252434
9097,252472
9113,252636
9217,252690
9224,252597
9226,252627
9227,252615
9320,252637
9329,252646
9331,252759
9333,252873
9356,252920
9368,252997
9381,253083
9422,253109
9432,253079
9530,253128
9532,253242
9534,253269
9545,253314
9626,253140
9635,252939
9637,252441
9639,252330
9728,252312
9735,252341
9737,252407
9739,252469
9831,252411
9838,252436
9840,252505
9842,252590
9956,252591
9958,252586
9960,252588
9962,252593
9964,252675
10041,252733
10043,252731
10044,252805
10054,252934
10138,252965
10144,253005
10146,253090
10158,253164
10173,253232
10240,253344
10343,253384
10345,253455
10446,253308
10448,252838
10450,252549
10452,252491
10453,252572
10455,252677
10457,252705
10478,252739
10489,252799
10560,252885
10562,252947
10565,253048
10574,253073
10650,253112
10655,253153
10657,253174
10752,253284
10762,253413
10764,253517
10765,253615
10790,253687
10799,253709
10877,253719
10879,253774
10881,253835
10964,253858
10966,253953
10968,253887
10975,253647
11060,253212
11163,252997
11165,252965
11167,253012
11169,253112
11171,253147
11173,253226
11175,253230
11265,253337
11271,253377
11274,253428
11276,253385
11285,253396
11366,253478
11469,253568
11471,253615
11473,253721
11481,253761
11482,253811
11484,253802
11490,253831
11570,253855
11582,253907
11584,253865
11591,253942
11674,253898
11680,253594
11682,253240
11693,252979
11707,253017
11775,253075
11780,253095
11786,253134
11879,253118
11884,253113
11886,253174
11891,253202
11981,253233
11987,253286
11989,253269
11992,253294
12082,253362
12089,253504
12091,253550
12093,253665
12184,253710
12191,253716
12193,253747
12194,253749
12287,253766
12389,253774
12392,253813
12393,253798
12494,253572
12496,253114
12498,252864
12501,252789
12504,252836
12506,252919
12508,252921
12510,252888
12511,252856
12596,252921
12608,252991
12610,253064
12612,253070
12643,253008
12810,253032
12812,253056
12814,253163
12816,253216
12818,253314
12820,253433
12822,253504
13006,253478
13011,253487
13013,253547
13014,253594
13016,253641
13018,253630
13020,253663
13021,253564
13109,253223
13112,252908
13115,252722
13116,252724
13211,252827
13219,252936
13221,252956
13223,252940
13230,252937
13241,253046
13313,253129
13317,253177
13322,253201
13415,253210
13427,253256
13429,253340
13431,253410
13541,253492
13543,253705
13546,253796
13548,253845
13826,253896
13828,253996
13829,254086
13831,254067
13833,254130
13835,254265
13836,254285
13838,254126
13839,253803
13840,253420
13842,253323
13843,253371
13844,253422
13928,253488
14009,253556
14011,253609
14013,253604
14132,253732
14134,253711
14136,253703
14138,253794
14236,253729
14238,253766
14240,253835
14243,253841
14336,254000
14339,253988
14341,254066
14342,254129
14347,254140
14349,254182
14350,254234
14352,254217
14440,254198
14541,254146
14543,253740
14545,253505
14547,253232
14549,253188
14551,253283
14553,253352
14634,253373
14746,253429
14748,253488
14750,253496
14752,253484
14753,253538
14755,253581
14757,253538
14780,253565
14789,253600
14849,253698
14856,253796
14958,253880
14960,253911
14962,253982
14964,254008
16217,254048
16219,254071
16221,254143
16223,254122
16225,254125
16227,253920
16229,253454
16231,253219
16232,253194
16233,253184
16235,253250
16236,253244
16237,253290
16239,253383
16240,253453
16242,253507
16244,253539
16245,253546
16246,253649
16247,253696
16249,253781
16251,253775
16252,253871
16253,253917
16254,253997
16255,254010
16257,254055
16258,254096
16259,254138
16260,254141
16262,254187
16263,254216
16274,254128
16276,253910
16277,253768
16282,253405
16284,253247
16286,253195
16287,253334
16288,253397
16290,253436
16292,253453
16294,253600
16295,253605
16297,253670
16298,253651
16299,253639
16301,253622
16303,253667
16304,253717
16305,253788
16307,253828
16308,253979
16394,253943
16571,254115
16573,254126
16575,254163
16577,254243
16579,254248
16580,254298
16582,254252
16584,254128
16586,253738
16587,253491
16589,253430
16591,253550
16592,253645
16611,253586
16728,253648
16736,253623
16738,253609
16740,253653
16747,253654
16760,253697
16906,253714
17083,253750
17086,253841
17088,253907
17090,254035
17091,254106
17093,254201
17095,254221
17096,254301
17098,254326
17099,254320
17100,254356
17101,254416
17111,254221
17239,253769
17244,253496
17246,253405
17249,253413
17250,253534
17263,253589
17381,253601
17523,253596
17525,253728
17527,253697
17529,253722
17531,253665
17716,253645
17718,253722
17721,253762
17723,253853
17724,253945
17726,253971
17728,254075
17729,254074
17731,254079
17732,254200
17733,254260
17734,254285
17736,254217
17753,254019
17783,253534
17804,253461
17836,253438
17853,253490
17886,253487
17908,253493
17934,253509
17953,253533
17984,253507
18003,253560
18036,253628
18055,253597
18085,253608
18104,253603
18137,253727
18154,253763
18186,253858
18204,253932
18234,253990
18256,254030
18284,254002
18311,254094
18335,254155
18354,254204
18376,254202
18395,254030
18426,253569
18445,253360
18477,253162
18497,253160
18527,253220
18545,253232
18577,253225
18595,253247
18625,253345
18646,253363
18756,253485
18771,253408
18773,253438
18775,253468
18792,253506
18801,253583
18848,253692
18850,253690
18945,253784
19068,253816
19070,253847
19073,253843
19075,253879
19077,253920
19078,253928
19080,253978
19082,253906
19086,253678
19150,253130
19155,252916
19167,252832
19252,252873
19563,252905
19564,252969
19567,253006
19569,252976
19571,253127
19573,253220
19575,253246
19766,253274
19768,253319
19770,253316
19771,253282
19773,253366
19775,253565
19777,253574
19779,253679
19780,253698
19782,253705
19783,253710
19785,253717
19969,253779
19971,253810
19972,253799
19975,253780
19977,253578
19979,253044
19981,252781
19983,252672
20030,252651
20031,252803
20033,252796
20034,252806
20035,252889
20037,253014
20039,253041
20076,253136
20091,253098
20174,253061
20177,253082
20179,253196
20191,253207
20276,253369
20279,253415
20281,253453
20293,253488
20481,253494
20483,253538
20484,253601
20486,253577
20584,253593
20586,253552
20587,253420
20589,253106
20591,252629
20593,252556
20596,252482
20597,252512
20650,252528
20685,252591
20789,252651
20791,252639
20793,252719
20890,252745
20892,252834
20894,252800
20993,252784
20995,252794
20997,252877
21000,252934
21095,253004
21097,253027
21099,253103
21101,253130
21103,253231
21202,253213
21204,253279
21206,253339
21208,253429
21210,253418
21212,253342
21214,253059
21216,252560
21223,252288
21299,252211
21400,252237
21403,252321
21504,252232
21506,252100
21508,252025
21510,252101
21512,252142
21514,252223
21515,252227
21517,252292
21523,252298
21606,252267
21618,252377
21620,252435
21622,252556
21708,252669
21712,252799
21714,252865
21717,252922
21811,252955
21820,252996
21821,253103
21822,253140
21918,253149
21924,253126
21926,252913
21928,252443
22015,251957
22020,251963
22022,251977
22023,251959
22119,252032
22123,252032
22125,252088
22128,252109
22221,252160
22226,252271
22228,252367
22230,252349
22323,252297
22426,252397
22429,252481
22431,252542
22433,252583
22435,252705
22437,252797
22439,252807
22527,252891
22631,252930
22633,253054
22636,253136
22638,253217
22732,253210
22734,253247
22736,253141
22738,252575
22740,252204
22742,252102
22744,252093
22750,252162
22836,252240
22845,252258
22848,252260
22853,252281
22867,252345
22938,252313
23041,252372
23044,252262
23166,252250
23169,252325
23171,252332
23174,252499
23176,252689
23178,252972
23180,253011
23181,253073
23183,253076
23246,253093
23254,253168
23256,253221
23278,253249
23288,253242
23347,252950
23351,252269
23367,251933
23470,251808
23472,251818
23474,251942
23477,251938
23553,251971
23559,251942
23561,252022
23562,252083
23655,252099
23665,252108
23666,252086
23667,252075
23679,252173
23758,252192
23766,252365
23768,252472
23879,252558
23881,252659
23883,252774
23885,252802
23887,252935
23963,252937
24065,252925
24067,252781
24167,252156
24169,251814
24171,251637
24173,251634
24175,251697
24178,251714
24179,251690
24181,251622
24182,251671
24269,251809
24278,251884
24280,251889
24283,251854
24291,251856
24372,251863
24497,251922
24499,252075
24500,252131
24503,252242
24505,252307
24507,252355
24509,252387
24611,252508
24613,252539
24615,252624
24617,252664
24622,252437
24776,252046
24783,251581
24785,251508
24787,251564
24789,251604
24791,251635
24793,251599
24829,251572
24843,251560
26216,251593
26219,251676
26221,251622
26222,251563
26224,251542
26226,251566
26228,251671
26229,251691
26231,251840
26233,251927
26234,251979
26235,252051
26236,252084
26237,252082
26238,252140
26240,252187
26241,252238
26242,252267
26243,251923
26244,251521
26246,251114
26247,251050
26248,251044
26249,251058
26250,251084
26252,251070
26253,250907
26254,250929
26255,250991
26261,251034
26263,251109
26264,251061
26266,251070
26267,251035
26268,251099
26269,251142
26270,251254
26272,251305
26273,251459
26274,251490
26276,251487
26277,251527
26278,251568
26279,251636
26280,251660
26282,251755
26283,251752
26284,251790
26286,251490
26287,251066
26288,250885
26289,250580
26291,250660
26292,250617
26293,250607
26295,250562
26317,250497
26418,250505
26420,250576
26423,250614
26425,250717
26426,250734
26428,250722
26430,250753
26521,250826
26524,250903
26526,250931
26534,251008
26659,251206
26830,251210
26832,251252
26834,251271
26836,251337
26837,251365
26839,251395
26841,251468
26932,251596
26934,251599
26936,251613
26937,251447
26940,250870
27035,250572
27037,250479
27039,250515
27041,250601
27044,250615
27046,250560
27048,250534
27066,250663
27075,250708
27137,250716
27140,250777
27149,250767
27239,250798
27363,250802
27365,250848
27367,251004
27370,251131
27373,251298
27375,251328
27377,251335
27378,251432
27471,251387
27473,251439
27475,251492
27479,251577
27553,251614
27579,251706
27581,251781
27587,251785
27600,251263
27648,250893
27659,250632
27670,250663
28058,250785
28060,250876
28062,250923
28064,250898
28066,250978
28067,251089
28070,251170
28071,251185
28073,251117
28074,251142
28075,251186
28076,251234
28077,251376
28079,251508
28080,251597
28081,251679
28161,251802
28263,251760
28265,251786
28267,251826
28365,251926
28367,251945
28369,251946
28371,251970
28468,251562
28470,251214
28472,250855
28474,250720
28488,250791
28490,250827
28491,250792
28492,250765
28498,250815
28514,250873
28570,250949
28576,251016
28651,250943
28688,250849
28689,250820
28696,250807
28698,250899
28707,250916
28765,251009
28767,251143
28788,251240
28877,251277
29000,251329
29002,251385
29004,251405
29007,251417
29009,251463
29011,251430
29013,251131
29015,250763
29082,250504
29185,250395
29187,250399
29192,250426
29194,250378
29196,250344
29198,250353
29221,250328
29234,250422
29287,250453
29594,250457
29596,250430
29598,250415
29600,250415
29601,250477
29603,250586
29605,250662
29606,250782
29608,250862
29610,250936
29717,250927
29719,251001
29721,251047
29723,251048
29725,251177
29727,251290
29730,251298
29732,251257
29805,250897
29807,250612
29808,250220
29810,250154
29902,250177

Status: NORMALNO
Konacan_BPM:69
Konacan_SpO2:99
